0.240710,0.759290,0.000000
0.220767,0.779233,0.000000
0.257978,0.742022,0.000000
0.230108,0.769892,0.000000
0.225194,0.774806,0.000000
0.185228,0.814772,0.000000
0.230600,0.769400,0.000000
0.236223,0.763777,0.000000
0.238535,0.761465,0.000000
0.204390,0.795610,0.000000
0.250812,0.749188,0.000000
0.241530,0.758470,0.000000
0.194655,0.805345,0.000000
0.248179,0.751821,0.000000
0.246004,0.753996,0.000000
0.228175,0.771825,0.000000
0.257491,0.742509,0.000000
0.269235,0.730765,0.000000
0.248976,0.751024,0.000000
0.249203,0.750797,0.000000
0.210601,0.789399,0.000000
0.237332,0.762668,0.000000
0.253420,0.746580,0.000000
0.235178,0.764822,0.000000
0.204725,0.795275,0.000000
0.204319,0.795681,0.000000
0.239778,0.760222,0.000000
0.260027,0.739973,0.000000
0.214455,0.785545,0.000000
0.202886,0.797114,0.000000
0.209647,0.790353,0.000000
0.253098,0.746902,0.000000
0.228475,0.771525,0.000000
0.216796,0.783204,0.000000
0.263411,0.736589,0.000000
0.247605,0.752395,0.000000
0.234687,0.765313,0.000000
0.214233,0.785767,0.000000
0.253098,0.746902,0.000000
0.244686,0.755314,0.000000
0.221952,0.778048,0.000000
0.215631,0.784369,0.000000
0.185156,0.814844,0.000000
0.225741,0.774259,0.000000
0.235470,0.764530,0.000000
0.253367,0.746633,0.000000
0.274669,0.725331,0.000000
0.222051,0.777949,0.000000
0.222376,0.777624,0.000000
0.209826,0.790174,0.000000
0.227612,0.772388,0.000000
0.209580,0.790420,0.000000
0.239680,0.760320,0.000000
0.248500,0.751500,0.000000
0.216549,0.783451,0.000000
0.271344,0.728656,0.000000
0.257245,0.742755,0.000000
0.216581,0.783419,0.000000
0.245817,0.754183,0.000000
0.224813,0.775187,0.000000
0.223932,0.776068,0.000000
0.194357,0.805643,0.000000
0.224407,0.775593,0.000000
0.266141,0.733859,0.000000
0.207029,0.792971,0.000000
0.231461,0.768539,0.000000
0.246329,0.753671,0.000000
0.253345,0.746655,0.000000
0.243165,0.756835,0.000000
0.254935,0.745065,0.000000
0.206397,0.793603,0.000000
0.273923,0.726077,0.000000
0.249789,0.750211,0.000000
0.239987,0.760013,0.000000
0.243795,0.756205,0.000000
0.257289,0.742711,0.000000
0.226827,0.773173,0.000000
0.247913,0.752087,0.000000
0.267779,0.732221,0.000000
0.271124,0.728876,0.000000
0.260491,0.739509,0.000000
0.218646,0.781354,0.000000
0.281979,0.718021,0.000000
0.221824,0.778176,0.000000
0.213374,0.786626,0.000000
0.223238,0.776762,0.000000
0.212450,0.787550,0.000000
0.265720,0.734280,0.000000
0.259170,0.740830,0.000000
0.241794,0.758206,0.000000
0.251283,0.748717,0.000000
0.247895,0.752105,0.000000
0.215498,0.784502,0.000000
0.218077,0.781923,0.000000
0.226620,0.773380,0.000000
0.218600,0.781400,0.000000
0.208668,0.791332,0.000000
0.218675,0.781325,0.000000
0.245427,0.754573,0.000000
0.215772,0.784228,0.000000
0.209877,0.790123,0.000000
0.232615,0.767385,0.000000
0.250136,0.749864,0.000000
0.286318,0.713682,0.000000
0.235115,0.764885,0.000000
0.223205,0.776795,0.000000
0.219030,0.780970,0.000000
0.244546,0.755454,0.000000
0.266383,0.733617,0.000000
0.227674,0.772326,0.000000
0.224807,0.775193,0.000000
0.242262,0.757738,0.000000
0.248459,0.751541,0.000000
0.235681,0.764319,0.000000
0.246273,0.753727,0.000000
0.221425,0.778575,0.000000
0.239846,0.760154,0.000000
0.220123,0.779877,0.000000
0.229572,0.770428,0.000000
0.253419,0.746581,0.000000
0.241856,0.758144,0.000000
0.231521,0.768479,0.000000
0.221473,0.778527,0.000000
0.207336,0.792664,0.000000
0.262276,0.737724,0.000000
0.237263,0.762737,0.000000
0.261501,0.738499,0.000000
0.250322,0.749678,0.000000
0.250567,0.749433,0.000000
0.205264,0.794736,0.000000
0.206600,0.793400,0.000000
0.243177,0.756823,0.000000
0.241759,0.758241,0.000000
0.215085,0.784915,0.000000
0.203301,0.796699,0.000000
0.228969,0.771031,0.000000
0.217708,0.782292,0.000000
0.271452,0.728548,0.000000
0.246992,0.753008,0.000000
0.241310,0.758690,0.000000
0.245618,0.754382,0.000000
0.247695,0.752305,0.000000
0.278939,0.721061,0.000000
0.257466,0.742534,0.000000
0.244856,0.755144,0.000000
0.228887,0.771113,0.000000
0.218023,0.781977,0.000000
0.220347,0.779653,0.000000
0.214844,0.785156,0.000000
0.237714,0.762286,0.000000
0.230691,0.769309,0.000000
0.189840,0.810160,0.000000
0.228316,0.771684,0.000000
0.235421,0.764579,0.000000
0.223658,0.776342,0.000000
0.243196,0.756804,0.000000
0.239906,0.760094,0.000000
0.232857,0.767143,0.000000
0.249651,0.750349,0.000000
0.206847,0.793153,0.000000
0.222409,0.777591,0.000000
0.230166,0.769834,0.000000
0.249299,0.750701,0.000000
0.189021,0.810979,0.000000
0.246062,0.753938,0.000000
0.245992,0.754008,0.000000
0.248572,0.751428,0.000000
0.261202,0.738798,0.000000
0.307843,0.692157,0.000000
0.229614,0.770386,0.000000
0.249927,0.750073,0.000000
0.242168,0.757832,0.000000
0.233014,0.766986,0.000000
0.225652,0.774348,0.000000
0.243113,0.756887,0.000000
0.225520,0.774480,0.000000
0.230178,0.769822,0.000000
0.220325,0.779675,0.000000
0.230355,0.769645,0.000000
0.254250,0.745750,0.000000
0.237864,0.762136,0.000000
0.261723,0.738277,0.000000
0.230657,0.769343,0.000000
0.209235,0.790765,0.000000
0.198205,0.801795,0.000000
0.250247,0.749753,0.000000
0.228889,0.771111,0.000000
0.260516,0.739484,0.000000
0.226847,0.773153,0.000000
0.213987,0.786013,0.000000
0.249203,0.750797,0.000000
0.217676,0.782324,0.000000
0.280094,0.719906,0.000000
0.237896,0.762104,0.000000
0.212166,0.787834,0.000000
0.235135,0.764865,0.000000
0.246877,0.753123,0.000000
0.203132,0.796868,0.000000
0.212894,0.787106,0.000000
0.232678,0.767322,0.000000
