0.208918,0.791082,0.000000
0.236613,0.763387,0.000000
0.254438,0.745562,0.000000
0.224117,0.775883,0.000000
0.254359,0.745641,0.000000
0.235593,0.764407,0.000000
0.203597,0.796403,0.000000
0.247189,0.752811,0.000000
0.260785,0.739215,0.000000
0.223525,0.776475,0.000000
0.244911,0.755089,0.000000
0.288944,0.711056,0.000000
0.272804,0.727196,0.000000
0.220698,0.779302,0.000000
0.218626,0.781374,0.000000
0.197393,0.802607,0.000000
0.240308,0.759692,0.000000
0.197976,0.802024,0.000000
0.200471,0.799529,0.000000
0.234511,0.765489,0.000000
0.296308,0.703692,0.000000
0.241568,0.758432,0.000000
0.278172,0.721828,0.000000
0.202891,0.797109,0.000000
0.218480,0.781520,0.000000
0.236003,0.763997,0.000000
0.215906,0.784094,0.000000
0.186883,0.813117,0.000000
0.248090,0.751910,0.000000
0.225366,0.774634,0.000000
0.226275,0.773725,0.000000
0.197483,0.802517,0.000000
0.229072,0.770928,0.000000
0.260622,0.739378,0.000000
0.236660,0.763340,0.000000
0.213213,0.786787,0.000000
0.223281,0.776719,0.000000
0.209843,0.790157,0.000000
0.235978,0.764022,0.000000
0.221195,0.778805,0.000000
0.264538,0.735462,0.000000
0.207558,0.792442,0.000000
0.243820,0.756180,0.000000
0.225924,0.774076,0.000000
0.228780,0.771220,0.000000
0.266714,0.733286,0.000000
0.218870,0.781130,0.000000
0.230630,0.769370,0.000000
0.236595,0.763405,0.000000
0.247046,0.752954,0.000000
0.227146,0.772854,0.000000
0.233083,0.766917,0.000000
0.199533,0.800467,0.000000
0.254060,0.745940,0.000000
0.286989,0.713011,0.000000
0.227299,0.772701,0.000000
0.205606,0.794394,0.000000
0.218597,0.781403,0.000000
0.276793,0.723207,0.000000
0.234559,0.765441,0.000000
0.221741,0.778259,0.000000
0.220824,0.779176,0.000000
0.220904,0.779096,0.000000
0.198744,0.801256,0.000000
0.242998,0.757002,0.000000
0.209481,0.790519,0.000000
0.221399,0.778601,0.000000
0.266798,0.733202,0.000000
0.222139,0.777861,0.000000
0.230115,0.769885,0.000000
0.211612,0.788388,0.000000
0.206354,0.793646,0.000000
0.225523,0.774477,0.000000
0.228566,0.771434,0.000000
0.257606,0.742394,0.000000
0.225130,0.774870,0.000000
0.254179,0.745821,0.000000
0.216786,0.783214,0.000000
0.213275,0.786725,0.000000
0.256210,0.743790,0.000000
0.257381,0.742619,0.000000
0.238393,0.761607,0.000000
0.222007,0.777993,0.000000
0.259315,0.740685,0.000000
0.254837,0.745163,0.000000
0.244069,0.755931,0.000000
0.228035,0.771965,0.000000
0.235144,0.764856,0.000000
0.231821,0.768179,0.000000
0.208029,0.791971,0.000000
0.222197,0.777803,0.000000
0.233106,0.766894,0.000000
0.261266,0.738734,0.000000
0.244090,0.755910,0.000000
0.205849,0.794151,0.000000
0.256656,0.743344,0.000000
0.234277,0.765723,0.000000
0.221165,0.778835,0.000000
0.193302,0.806698,0.000000
0.208351,0.791649,0.000000
0.256749,0.743251,0.000000
0.249557,0.750443,0.000000
0.216357,0.783643,0.000000
0.256462,0.743538,0.000000
0.218827,0.781173,0.000000
0.225563,0.774437,0.000000
0.216392,0.783608,0.000000
0.234833,0.765167,0.000000
0.245978,0.754022,0.000000
0.209896,0.790104,0.000000
0.241242,0.758758,0.000000
0.214914,0.785086,0.000000
0.245032,0.754968,0.000000
0.222336,0.777664,0.000000
0.251428,0.748572,0.000000
0.225927,0.774073,0.000000
0.249493,0.750507,0.000000
0.247491,0.752509,0.000000
0.242147,0.757853,0.000000
0.281374,0.718626,0.000000
0.230647,0.769353,0.000000
0.230343,0.769657,0.000000
0.218785,0.781215,0.000000
0.237753,0.762247,0.000000
0.241288,0.758712,0.000000
0.224018,0.775982,0.000000
0.232974,0.767026,0.000000
0.210084,0.789916,0.000000
0.219007,0.780993,0.000000
0.199204,0.800796,0.000000
0.207134,0.792866,0.000000
0.218140,0.781860,0.000000
0.187856,0.812144,0.000000
0.262016,0.737984,0.000000
0.226342,0.773658,0.000000
0.259787,0.740213,0.000000
0.223290,0.776710,0.000000
0.183549,0.816451,0.000000
0.217513,0.782487,0.000000
0.242493,0.757507,0.000000
0.227136,0.772864,0.000000
0.236131,0.763869,0.000000
0.223906,0.776094,0.000000
0.243430,0.756570,0.000000
0.259886,0.740114,0.000000
0.295923,0.704077,0.000000
0.239604,0.760396,0.000000
0.238298,0.761702,0.000000
0.223345,0.776655,0.000000
0.239679,0.760321,0.000000
0.200450,0.799550,0.000000
0.255756,0.744244,0.000000
0.243209,0.756791,0.000000
0.257419,0.742581,0.000000
0.233978,0.766022,0.000000
0.249913,0.750087,0.000000
0.231727,0.768273,0.000000
0.226888,0.773112,0.000000
0.211903,0.788097,0.000000
0.247844,0.752156,0.000000
0.266491,0.733509,0.000000
0.243050,0.756950,0.000000
0.246328,0.753672,0.000000
0.242543,0.757457,0.000000
0.230833,0.769167,0.000000
0.228440,0.771560,0.000000
0.223048,0.776952,0.000000
0.207810,0.792190,0.000000
0.240987,0.759013,0.000000
0.213361,0.786639,0.000000
0.228347,0.771653,0.000000
0.222769,0.777231,0.000000
0.213188,0.786812,0.000000
0.199372,0.800628,0.000000
0.243624,0.756376,0.000000
0.241333,0.758667,0.000000
0.188247,0.811753,0.000000
0.224856,0.775144,0.000000
0.220294,0.779706,0.000000
0.236158,0.763842,0.000000
0.236487,0.763513,0.000000
0.237587,0.762413,0.000000
0.231985,0.768015,0.000000
0.245041,0.754959,0.000000
0.268162,0.731838,0.000000
0.239857,0.760143,0.000000
0.217901,0.782099,0.000000
0.263028,0.736972,0.000000
0.218486,0.781514,0.000000
0.221389,0.778611,0.000000
0.260053,0.739947,0.000000
0.270457,0.729543,0.000000
0.200191,0.799809,0.000000
0.252623,0.747377,0.000000
0.207005,0.792995,0.000000
0.235789,0.764211,0.000000
0.224175,0.775825,0.000000
0.258192,0.741808,0.000000
0.250384,0.749616,0.000000
0.202560,0.797440,0.000000
